12 13
5 6
1 5
7 12
135 5
56 62
23 15
15346 12354
1235 5468
526 235
26565 523546
13556 235
5265 656952
2356 23586
233484 1263564648
468468465 1532465
546484 235656
18 12
5465465465 1231654684796
1231454654894 31546465131684
1231454654894 31546465131684
1231454654894 31546465131684
1231454654894 31546465131684
1231454654894 31546465131684
1231454654894 31546465131684
1231454654894 31546465131684
1231454654894 31546465131684
1231454654894 31546465131684
1231454654894 31546465131684
1231454654894 31546465131684
1231454654894 31546465131684
1231454654894 31546465131684
1231454654894 31546465131684
1231454654894 31546465131684
1231454654894 31546465131684
1231454654894 31546465131684
1231454654894 31546465131684
