6 6
98 0 98 80 98 109   98 81  98 0  98 6
3 0   3 80  3 109    3 81   3  0  3  6
0 0   0 80  0 109   0 81   0 0   0 6
0 0   0 80  0 109    0 81   0 0   0 6
3 0   3 80  3 109    3 81   3 0   3 6
87 0 87 80 87 109 87 81 87 0 87 6

13 4
40 30 40 20 40 10 40 5
39 30 39 20 39 10 39 5
38 30 38 20 38 10 38 5
37 30 37 20 37 10 37 5
36 30 36 20 36 10 36 5
35 30 35 20 35 10 35 5
34 30 34 20 34 10 34 5
33 30 33 20 33 10 33 5
32 30 32 20 32 10 32 5
31 30 31 20 31 10 31 5
30 30 30 20 30 10 30 5
29 30 29 20 29 10 29 5
28 30 28 20 28 10 28 5

13 4
40 30 40 20 40 10 40 5
20 30 20 20 20 10 20 5
10 30 10 20 10 10 10 5
0 30 0 20 0 10 0 5
0 30 0 20 0 10 0 5
0 30 0 20 0 10 0 5
0 30 0 20 0 10 0 5
0 30 0 20 0 10 0 5
0 30 0 20 0 10 0 5
0 30 0 20 0 10 0 5
0 30 0 20 0 10 0 5
0 30 0 20 0 10 0 5
0 30 0 20 0 10 0 5

13 4
0 0 0 7 0 15 0 30
0 0 0 7 0 15 0 30
0 0 0 7 0 15 0 30
0 0 0 7 0 15 0 30
0 0 0 7 0 15 0 30
0 0 0 7 0 15 0 30
0 0 0 7 0 15 0 30
0 0 0 7 0 15 0 30
0 0 0 7 0 15 0 30
0 0 0 7 0 15 0 30
3 0 3 7 3 15 3 30
20 0 20 7 20 15 20 30
70 0 70 7 70 15 70 30

13 4
87 0 87 15 87 30 87 90
50 0 50 15 50 30 50 90
10 0 10 15 10 30 10 90
0 0 0 15 0 30 0 90
0 0 0 15 0 30 0 90
0 0 0 15 0 30 0 90
0 0 0 15 0 30 0 90
0 0 0 15 0 30 0 90
0 0 0 15 0 30 0 90
0 0 0 15 0 30 0 90
0 0 0 15 0 30 0 90
0 0 0 15 0 30 0 90
0 0 0 15 0 30 0 90

13 4
0 101 0 42 0 7 0 0
0 101 0 42 0 7 0 0
0 101 0 42 0 7 0 0
0 101 0 42 0 7 0 0
0 101 0 42 0 7 0 0
0 101 0 42 0 7 0 0
0 101 0 42 0 7 0 0
0 101 0 42 0 7 0 0
0 101 0 42 0 7 0 0
0 101 0 42 0 7 0 0
10 101 10 42 10 7 10 0
30 101 30 42 30 7 30 0
90 101 90 42 90 7 90 0
