13 5
87 56 87 100 87 60 87 89 87 53
34 56 34 100 34 60 34 89 34 53
7 56 7 100 7 60 7 89 7 53
0 56 0 100 0 60 0 89 0 53
0 56 0 100 0 60 0 89 0 53
0 56 0 100 0 60 0 89 0 53
0 56 0 100 0 60 0 89 0 53
0 56 0 100 0 60 0 89 0 53
0 56 0 100 0 60 0 89 0 53
0 56 0 100 0 60 0 89 0 53
8 56 8 100 8 60 8 89 8 53
35 56 35 100 35 60 35 89 35 53
90 56 90 100 90 60 90 89 90 53


13 5
0	7	0	34	0	102	0	36	0	8
0	7	0	34	0	102	0	36	0	8
7	7	7	34	7	102	7	36	7	8
35	7	35	34	35	102	35	36	35	8
89	7	89	34	89	102	89	36	89	8
60	7	60	34	60	102	60	36	60	8
97	7	97	34	97	102	97	36	97	8
33	7	33	34	33	102	33	36	33	8
3	7	3	34	3	102	3	36	3	8
0	7	0	34	0	102	0	36	0	8
0	7	0	34	0	102	0	36	0	8
0	7	0	34	0	102	0	36	0	8
0	7	0	34	0	102	0	36	0	8

13 5
0	7	0	34	0	102	0	36	0	8
7	7	7	34	7	102	7	36	7	8
35	7	35	34	35	102	35	36	35	8
89	7	89	34	89	102	89	36	89	8
57	7	57	34	57	102	57	36	57	8
34	7	34	34	34	102	34	36	34	8
37	7	37	34	37	102	37	36	37	8
97	7	97	34	97	102	97	36	97	8
33	7	33	34	33	102	33	36	33	8
7	7	7	34	7	102	7	36	7	8
0	7	0	34	0	102	0	36	0	8
0	7	0	34	0	102	0	36	0	8
0	7	0	34	0	102	0	36	0	8

13 5
98	7	98	34	98	102	98	36	98	8
44	7	44	34	44	102	44	36	44	8
2	7	2	34	2	102	2	36	2	8
0	7	0	34	0	102	0	36	0	8
0	7	0	34	0	102	0	36	0	8
0	7	0	34	0	102	0	36	0	8
0	7	0	34	0	102	0	36	0	8
0	7	0	34	0	102	0	36	0	8
0	7	0	34	0	102	0	36	0	8
0	7	0	34	0	102	0	36	0	8
3	7	3	34	3	102	3	36	3	8
43	7	43	34	43	102	43	36	43	8
89	7	89	34	89	102	89	36	89	8

13 5
98	54	98	102	98	52	98	120	98	34
44	54	44	102	44	52	44	120	44	34
2	54	2	102	2	52	2	120	2	34
0	54	0	102	0	52	0	120	0	34
0	54	0	102	0	52	0	120	0	34
0	54	0	102	0	52	0	120	0	34
0	54	0	102	0	52	0	120	0	34
0	54	0	102	0	52	0	120	0	34
0	54	0	102	0	52	0	120	0	34
0	54	0	102	0	52	0	120	0	34
3	54	3	102	3	52	3	120	3	34
43	54	43	102	43	52	43	120	43	34
89	54	89	102	89	52	89	120	89	34

13 5
35	54	35	102	35	52	35	120	35	34
98	54	98	102	98	52	98	120	98	34
44	54	44	102	44	52	44	120	44	34
2	54	2	102	2	52	2	120	2	34
0	54	0	102	0	52	0	120	0	34
0	54	0	102	0	52	0	120	0	34
0	54	0	102	0	52	0	120	0	34
0	54	0	102	0	52	0	120	0	34
0	54	0	102	0	52	0	120	0	34
3	54	3	102	3	52	3	120	3	34
43	54	43	102	43	52	43	120	43	34
89	54	89	102	89	52	89	120	89	34
25	54	25	102	25	52	25	120	25	34

13 5
7	54	7	102	7	52	7	120	7	34
35	54	35	102	35	52	35	120	35	34
98	54	98	102	98	52	98	120	98	34
44	54	44	102	44	52	44	120	44	34
2	54	2	102	2	52	2	120	2	34
0	54	0	102	0	52	0	120	0	34
3	54	3	102	3	52	3	120	3	34
43	54	43	102	43	52	43	120	43	34
89	54	89	102	89	52	89	120	89	34
25	54	25	102	25	52	25	120	25	34
7	54	7	102	7	52	7	120	7	34
0	54	0	102	0	52	0	120	0	34
0	54	0	102	0	52	0	120	0	34

