24
80
18
18
21
4
30
50
40
15
80
36
40
50
63
25
24
10
90
30
63
81
40
35
63
70
6
60
42
6
9
81
3
3
5
12
30
20
42
60
14
54
2
9
70
40
1
25
5
50
24
32
3
56
35
100
3
45
4
4
10
2
15
4
2
6
90
9
9
5
48
56
24
21
80
36
9
24
18
45
36
48
2
10
12
36
16
7
18
9
100
14
20
54
40
40
64
6
15
48
15
6
54
5
32
36
8
70
21
40
90
28
27
35
70
30
36
56
18
4
40
4
16
2
63
6
36
4
3
18
10
9
18
56
10
90
15
48
48
9
15
6
45
18
20
12
40
16
30
2
32
24
45
5
30
7
21
22
4
40
30
9
8
28
30
36
20
18
1
90
35
6
42
63
6
12
15
12
60
63
100
1
54
90
13
8
6
72
24
15
4
70
9
63
25
81
80
6
42
2
12
14
45
10
24
10
24
48
30
63
5
15
100
28
80
10
70
14
12
6
24
40
25
50
90
20
54
63
3
20
40
12
48
72
21
18
48
3
32
40
28
9
100
12
2
56
18
9
9
48
15
7
9
45
70
50
24
35
28
30
9
3
5
81
18
15
25
6
8
81
40
22
20
40
27
10
12
63
3
8
8
8
40
8
40
8
70
14
3
24
60
7
45
90
90
12
8
10
30
56
8
35
24
1
4
3
5
4
1
100
72
24
81
70
10
72
30
20
72
30
30
27
32
2
35
8
35
10
45
3
9
7
42
13
27
12
40
10
72
24
10
32
24
9
27
6
21
10
30
54
30
14
40
90
50
35
9
4
15
63
10
24
48
24
20
48
32
40
10
50
8
36
12
80
21
15
12
30
10
8
45
16
24
80
8
20
21
30
4
90
72
42
8
15
32
25
2
5
70
81
60
10
30
30
12
6
90
20
30
50
36
28
20
56
42
34
5
21
63
6
30
6
54
6
40
4
6
2
30
28
24
6
35
8
20
40
48
24
6
20
50
90
40
18
20
24
6
42
21
28
8
4
7
30
18
10
20
48
60
1
14
24
56
4
50
48
14
10
80
30
50
20
81
3
8
9
18
21
60
32
15
8
24
8
3
36
40
16
10
20
12
9
10
12
4
40
64
70
42
100
6
24
27
18
40
60
16
60
14
40
72
100
45
35
25
54
18
16
2
2
70
60
30
1
5
80
24
70
50
21
10
35
90
40
50
3
8
60
50
100
12
8
48
100
14
12
13
63
8
36
45
3
7
32
10
8
100
21
30
10
25
36
10
30
80
16
6
7
54
20
56
9
5
40
6
24
24
4
45
16
49
48
9
20
8
12
18
14
13
30
6
72
28
90
90
35
30
40
12
36
3
64
8
16
10
2
30
35
90
45
72
56
30
9
6
14
15
9
20
19
24
24
28
30
30
50
48
1
27
28
9
9
36
12
6
54
14
35
9
56
12
40
12
4
14
24
40
15
12
28
10
16
35
49
63
23
30
70
4
7
10
27
9
30
56
48
45
8
12
36
7
2
4
90
80
16
35
72
13
21
40
6
14
6
40
4
24
72
8
2
12
54
25
25
24
80
42
6
32
28
25
12
10
32
50
28
20
20
60
40
100
27
63
20
1
2
24
100
54
1
45
6
5
63
10
24
30
90
12
3
9
12
30
8
21
42
15
70
16
64
32
54
25
8
2
15
32
14
24
70
16
5
40
4
72
9
8
3
35
40
32
1
72
28
24
12
18
32
8
16
24
72
10
18
2
20
9
6
18
27
60
20
20
13
24
100
28
5
35
36
35
18
10
2
81
35
6
21
4
18
23
30
30
12
56
32
21
36
8
54
56
7
90
16
2
72
35
5
63
90
34
14
36
20
16
18
18
64
20
9
18
6
4
20
6
72
40
7
10
12
24
14
18
45
7
40
64
18
1
3
81
4
48
35
14
70
100
45
54
4
36
15
8
90
21
7
7
45
30
8
36
6
63
10
5
45
14
35
2
36
80
60
24
10
5
20
5
81
36
54
72
45
18
7
9
60
24
8
28
60
72
7
36
13
10
21
50
40
14
48
63
90
32
6
1
16
64
80
50
18
48
16
80
16
6
27
40
10
14
12
18
18
20
21
40
45
3
48
27
11
24
60
63
56
10
21
45
16
90
8
12
2
36
12
54
100
21
6
14
42
24
100
2
9
32
48
42
12
36
24
4
12
19
35
50
12
35
24
63
24
30
8
81
8
36
100
42
12
20
42
25
32
30
14
36
9
70
14
12
72
